o1 o1
0 0.6209447010
1 0.7707707905
2 0.9007909959
3 0.9961012726
4 1.0463293416
5 1.0463293416
6 0.9961012726
7 0.9007909959
8 0.7707707905
9 0.6209447010
10 0.7707707905
11 0.9567480171
12 1.1181404508
13 1.2364478899
14 1.2987953555
15 1.2987953555
16 1.2364478899
17 1.1181404508
18 0.9567480171
19 0.7707707905
20 0.9007909959
21 1.1181404508
22 1.3067579399
23 1.4450224890
24 1.5178872580
25 1.5178872580
26 1.4450224890
27 1.3067579399
28 1.1181404508
29 0.9007909959
30 0.9961012726
31 1.2364478899
32 1.4450224890
33 1.5979164388
34 1.6784908335
35 1.6784908335
36 1.5979164388
37 1.4450224890
38 1.2364478899
39 0.9961012726
40 1.0463293416
41 1.2987953555
42 1.5178872580
43 1.6784908335
44 1.7631281646
45 1.7631281646
46 1.6784908335
47 1.5178872580
48 1.2987953555
49 1.0463293416
50 1.0463293416
51 1.2987953555
52 1.5178872580
53 1.6784908335
54 1.7631281646
55 1.7631281646
56 1.6784908335
57 1.5178872580
58 1.2987953555
59 1.0463293416
60 0.9961012726
61 1.2364478899
62 1.4450224890
63 1.5979164388
64 1.6784908335
65 1.6784908335
66 1.5979164388
67 1.4450224890
68 1.2364478899
69 0.9961012726
70 0.9007909959
71 1.1181404508
72 1.3067579399
73 1.4450224890
74 1.5178872580
75 1.5178872580
76 1.4450224890
77 1.3067579399
78 1.1181404508
79 0.9007909959
80 0.7707707905
81 0.9567480171
82 1.1181404508
83 1.2364478899
84 1.2987953555
85 1.2987953555
86 1.2364478899
87 1.1181404508
88 0.9567480171
89 0.7707707905
90 0.6209447010
91 0.7707707905
92 0.9007909959
93 0.9961012726
94 1.0463293416
95 1.0463293416
96 0.9961012726
97 0.9007909959
98 0.7707707905
99 0.6209447010
o1 o2
0 0.0000000000
1 0.0000000000
2 0.0000000000
3 0.0000000000
4 0.0000000000
5 0.0000000000
6 0.0000000000
7 0.0000000000
8 0.0000000000
9 0.0000000000
10 0.0000000000
11 0.0000000000
12 0.0000000000
13 0.0000000000
14 0.0000000000
15 0.0000000000
16 0.0000000000
17 0.0000000000
18 0.0000000000
19 0.0000000000
20 0.0000000000
21 0.0000000000
22 0.0000000000
23 0.0000000000
24 0.0000000000
25 0.0000000000
26 0.0000000000
27 0.0000000000
28 0.0000000000
29 0.0000000000
30 0.0000000000
31 0.0000000000
32 0.0000000000
33 0.0000000000
34 0.0000000000
35 0.0000000000
36 0.0000000000
37 0.0000000000
38 0.0000000000
39 0.0000000000
40 0.0000000000
41 0.0000000000
42 0.0000000000
43 0.0000000000
44 0.0000000000
45 0.0000000000
46 0.0000000000
47 0.0000000000
48 0.0000000000
49 0.0000000000
50 0.0000000000
51 0.0000000000
52 0.0000000000
53 0.0000000000
54 0.0000000000
55 0.0000000000
56 0.0000000000
57 0.0000000000
58 0.0000000000
59 0.0000000000
60 0.0000000000
61 0.0000000000
62 0.0000000000
63 0.0000000000
64 0.0000000000
65 0.0000000000
66 0.0000000000
67 0.0000000000
68 0.0000000000
69 0.0000000000
70 0.0000000000
71 0.0000000000
72 0.0000000000
73 0.0000000000
74 0.0000000000
75 0.0000000000
76 0.0000000000
77 0.0000000000
78 0.0000000000
79 0.0000000000
80 0.0000000000
81 0.0000000000
82 0.0000000000
83 0.0000000000
84 0.0000000000
85 0.0000000000
86 0.0000000000
87 0.0000000000
88 0.0000000000
89 0.0000000000
90 0.0000000000
91 0.0000000000
92 0.0000000000
93 0.0000000000
94 0.0000000000
95 0.0000000000
96 0.0000000000
97 0.0000000000
98 0.0000000000
99 0.0000000000
o1 o3
0 0.0005964828
1 0.0008867672
2 0.0011939010
3 0.0014557075
4 0.0016074113
5 0.0016074113
6 0.0014557075
7 0.0011939010
8 0.0008867672
9 0.0005964828
10 0.0013000609
11 0.0019327488
12 0.0026021608
13 0.0031727797
14 0.0035034249
15 0.0035034249
16 0.0031727797
17 0.0026021608
18 0.0019327488
19 0.0013000609
20 0.0025957852
21 0.0038590504
22 0.0051956415
23 0.0063349759
24 0.0069951633
25 0.0069951633
26 0.0063349759
27 0.0051956415
28 0.0038590504
29 0.0025957852
30 0.0047582030
31 0.0070738307
32 0.0095238684
33 0.0116123250
34 0.0128224812
35 0.0128224812
36 0.0116123250
37 0.0095238684
38 0.0070738307
39 0.0047582030
40 0.0080285598
41 0.0119357398
42 0.0160697110
43 0.0195935830
44 0.0216354908
45 0.0216354908
46 0.0195935830
47 0.0160697110
48 0.0119357398
49 0.0080285598
50 0.0125106504
51 0.0185990853
52 0.0250409217
53 0.0305320598
54 0.0337139001
55 0.0337139001
56 0.0305320598
57 0.0250409217
58 0.0185990853
59 0.0125106504
60 0.0180773425
61 0.0268748645
62 0.0361830363
63 0.0441174906
64 0.0487151105
65 0.0487151105
66 0.0441174906
67 0.0361830363
68 0.0268748645
69 0.0180773425
70 0.0243426969
71 0.0361893171
72 0.0487235713
73 0.0594079966
74 0.0655990874
75 0.0655990874
76 0.0594079966
77 0.0487235713
78 0.0361893171
79 0.0243426969
80 0.0307330712
81 0.0456896319
82 0.0615143422
83 0.0750036120
84 0.0828199700
85 0.0828199700
86 0.0750036120
87 0.0615143422
88 0.0456896319
89 0.0307330712
90 0.0366396948
91 0.0544707738
92 0.0733368530
93 0.0894186407
94 0.0987372333
95 0.0987372333
96 0.0894186407
97 0.0733368530
98 0.0544707738
99 0.0366396948
o2 o1
0 0.0000000000
1 0.0000000000
2 0.0000000000
3 0.0000000000
4 0.0000000000
5 0.0000000000
6 0.0000000000
7 0.0000000000
8 0.0000000000
9 0.0000000000
10 0.0000000000
11 0.0000000000
12 0.0000000000
13 0.0000000000
14 0.0000000000
15 0.0000000000
16 0.0000000000
17 0.0000000000
18 0.0000000000
19 0.0000000000
20 0.0000000000
21 0.0000000000
22 0.0000000000
23 0.0000000000
24 0.0000000000
25 0.0000000000
26 0.0000000000
27 0.0000000000
28 0.0000000000
29 0.0000000000
30 0.0000000000
31 0.0000000000
32 0.0000000000
33 0.0000000000
34 0.0000000000
35 0.0000000000
36 0.0000000000
37 0.0000000000
38 0.0000000000
39 0.0000000000
40 0.0000000000
41 0.0000000000
42 0.0000000000
43 0.0000000000
44 0.0000000000
45 0.0000000000
46 0.0000000000
47 0.0000000000
48 0.0000000000
49 0.0000000000
50 0.0000000000
51 0.0000000000
52 0.0000000000
53 0.0000000000
54 0.0000000000
55 0.0000000000
56 0.0000000000
57 0.0000000000
58 0.0000000000
59 0.0000000000
60 0.0000000000
61 0.0000000000
62 0.0000000000
63 0.0000000000
64 0.0000000000
65 0.0000000000
66 0.0000000000
67 0.0000000000
68 0.0000000000
69 0.0000000000
70 0.0000000000
71 0.0000000000
72 0.0000000000
73 0.0000000000
74 0.0000000000
75 0.0000000000
76 0.0000000000
77 0.0000000000
78 0.0000000000
79 0.0000000000
80 0.0000000000
81 0.0000000000
82 0.0000000000
83 0.0000000000
84 0.0000000000
85 0.0000000000
86 0.0000000000
87 0.0000000000
88 0.0000000000
89 0.0000000000
90 0.0000000000
91 0.0000000000
92 0.0000000000
93 0.0000000000
94 0.0000000000
95 0.0000000000
96 0.0000000000
97 0.0000000000
98 0.0000000000
99 0.0000000000
o2 o2
0 0.6209088077
1 0.7707262366
2 0.9007389263
3 0.9960436937
4 1.0462688592
5 1.0462688592
6 0.9960436937
7 0.9007389263
8 0.7707262366
9 0.6209088077
10 0.7704861705
11 0.9563947219
12 1.1177275588
13 1.2359913108
14 1.2983157536
15 1.2983157536
16 1.2359913108
17 1.1177275588
18 0.9563947219
19 0.7704861705
20 0.9002917486
21 1.1175207416
22 1.3060336927
23 1.4442216112
24 1.5170459963
25 1.5170459963
26 1.4442216112
27 1.3060336927
28 1.1175207416
29 0.9002917486
30 0.9954537628
31 1.2356441441
32 1.4440831605
33 1.5968777226
34 1.6773997403
35 1.6773997403
36 1.5968777226
37 1.4440831605
38 1.2356441441
39 0.9954537628
40 1.0456088166
41 1.2979009770
42 1.5168420081
43 1.6773349885
44 1.7619140365
45 1.7619140365
46 1.6773349885
47 1.5168420081
48 1.2979009770
49 1.0456088166
50 1.0456088166
51 1.2979009770
52 1.5168420081
53 1.6773349885
54 1.7619140365
55 1.7619140365
56 1.6773349885
57 1.5168420081
58 1.2979009770
59 1.0456088166
60 0.9954537628
61 1.2356441441
62 1.4440831605
63 1.5968777226
64 1.6773997403
65 1.6773997403
66 1.5968777226
67 1.4440831605
68 1.2356441441
69 0.9954537628
70 0.9002917486
71 1.1175207416
72 1.3060336927
73 1.4442216112
74 1.5170459963
75 1.5170459963
76 1.4442216112
77 1.3060336927
78 1.1175207416
79 0.9002917486
80 0.7704861705
81 0.9563947219
82 1.1177275588
83 1.2359913108
84 1.2983157536
85 1.2983157536
86 1.2359913108
87 1.1177275588
88 0.9563947219
89 0.7704861705
90 0.6209088077
91 0.7707262366
92 0.9007389263
93 0.9960436937
94 1.0462688592
95 1.0462688592
96 0.9960436937
97 0.9007389263
98 0.7707262366
99 0.6209088077
o2 o3
0 0.0366222733
1 0.0544448740
2 0.0733019827
3 0.0893761238
4 0.0986902856
5 0.0986902856
6 0.0893761238
7 0.0733019827
8 0.0544448740
9 0.0366222733
10 0.0307220621
11 0.0456732651
12 0.0614923067
13 0.0749767444
14 0.0827903024
15 0.0827903024
16 0.0749767444
17 0.0614923067
18 0.0456732651
19 0.0307220621
20 0.0243404288
21 0.0361859452
22 0.0487190316
23 0.0594024614
24 0.0655929753
25 0.0655929753
26 0.0594024614
27 0.0487190316
28 0.0361859452
29 0.0243404288
30 0.0180836899
31 0.0268843009
32 0.0361957411
33 0.0441329814
34 0.0487322156
35 0.0487322156
36 0.0441329814
37 0.0361957411
38 0.0268843009
39 0.0180836899
40 0.0125231624
41 0.0186176864
42 0.0250659654
43 0.0305625952
44 0.0337476176
45 0.0337476176
46 0.0305625952
47 0.0250659654
48 0.0186176864
49 0.0125231624
50 0.0080436020
51 0.0119581024
52 0.0160998190
53 0.0196302933
54 0.0216760268
55 0.0216760268
56 0.0196302933
57 0.0160998190
58 0.0119581024
59 0.0080436020
60 0.0047724144
61 0.0070949583
62 0.0095523136
63 0.0116470078
64 0.0128607784
65 0.0128607784
66 0.0116470078
67 0.0095523136
68 0.0070949583
69 0.0047724144
70 0.0026070797
71 0.0038758414
72 0.0052182481
73 0.0063625399
74 0.0070255999
75 0.0070255999
76 0.0063625399
77 0.0052182481
78 0.0038758414
79 0.0026070797
80 0.0013078295
81 0.0019442980
82 0.0026177102
83 0.0031917389
84 0.0035243599
85 0.0035243599
86 0.0031917389
87 0.0026177102
88 0.0019442980
89 0.0013078295
90 0.0006011754
91 0.0008937436
92 0.0012032937
93 0.0014671599
94 0.0016200571
95 0.0016200571
96 0.0014671599
97 0.0012032937
98 0.0008937436
99 0.0006011754
o3 o1
0 1.4851584797
1 1.4858641358
2 1.4863935259
3 1.4867465230
4 1.4869230427
5 1.4869230427
6 1.4867465230
7 1.4863935259
8 1.4858641358
9 1.4851584797
10 0.7686753180
11 0.7690405453
12 0.7693145423
13 0.7694972435
14 0.7695886050
15 0.7695886050
16 0.7694972435
17 0.7693145423
18 0.7690405453
19 0.7686753180
20 0.2195257781
21 0.2196300833
22 0.2197083340
23 0.2197605116
24 0.2197866035
25 0.2197866035
26 0.2197605116
27 0.2197083340
28 0.2196300833
29 0.2195257781
30 0.0314825029
31 0.0314974615
32 0.0315086835
33 0.0315161664
34 0.0315199083
35 0.0315199083
36 0.0315161664
37 0.0315086835
38 0.0314974615
39 0.0314825029
40 0.0021436752
41 0.0021446938
42 0.0021454579
43 0.0021459674
44 0.0021462222
45 0.0021462222
46 0.0021459674
47 0.0021454579
48 0.0021446938
49 0.0021436752
50 0.0000671596
51 0.0000671915
52 0.0000672155
53 0.0000672314
54 0.0000672394
55 0.0000672394
56 0.0000672314
57 0.0000672155
58 0.0000671915
59 0.0000671596
60 0.0000009506
61 0.0000009511
62 0.0000009514
63 0.0000009517
64 0.0000009518
65 0.0000009518
66 0.0000009517
67 0.0000009514
68 0.0000009511
69 0.0000009506
70 0.0000000060
71 0.0000000060
72 0.0000000060
73 0.0000000060
74 0.0000000060
75 0.0000000060
76 0.0000000060
77 0.0000000060
78 0.0000000060
79 0.0000000060
80 0.0000000000
81 0.0000000000
82 0.0000000000
83 0.0000000000
84 0.0000000000
85 0.0000000000
86 0.0000000000
87 0.0000000000
88 0.0000000000
89 0.0000000000
90 0.0000000000
91 0.0000000000
92 0.0000000000
93 0.0000000000
94 0.0000000000
95 0.0000000000
96 0.0000000000
97 0.0000000000
98 0.0000000000
99 0.0000000000
o3 o2
0 0.0000000000
1 0.0000000000
2 0.0000000000
3 0.0000000000
4 0.0000000000
5 0.0000000000
6 0.0000000000
7 0.0000000000
8 0.0000000000
9 0.0000000000
10 0.0000000000
11 0.0000000000
12 0.0000000000
13 0.0000000000
14 0.0000000000
15 0.0000000000
16 0.0000000000
17 0.0000000000
18 0.0000000000
19 0.0000000000
20 0.0000000060
21 0.0000000060
22 0.0000000060
23 0.0000000060
24 0.0000000060
25 0.0000000060
26 0.0000000060
27 0.0000000060
28 0.0000000060
29 0.0000000060
30 0.0000009458
31 0.0000009463
32 0.0000009466
33 0.0000009468
34 0.0000009469
35 0.0000009469
36 0.0000009468
37 0.0000009466
38 0.0000009463
39 0.0000009458
40 0.0000668764
41 0.0000669082
42 0.0000669321
43 0.0000669480
44 0.0000669559
45 0.0000669559
46 0.0000669480
47 0.0000669321
48 0.0000669082
49 0.0000668764
50 0.0021364770
51 0.0021374921
52 0.0021382537
53 0.0021387615
54 0.0021390154
55 0.0021390154
56 0.0021387615
57 0.0021382537
58 0.0021374921
59 0.0021364770
60 0.0314030224
61 0.0314179432
62 0.0314291369
63 0.0314366009
64 0.0314403333
65 0.0314403333
66 0.0314366009
67 0.0314291369
68 0.0314179432
69 0.0314030224
70 0.2191441239
71 0.2192482478
72 0.2193263625
73 0.2193784493
74 0.2194044959
75 0.2194044959
76 0.2193784493
77 0.2193263625
78 0.2192482478
79 0.2191441239
80 0.7678656208
81 0.7682304634
82 0.7685041719
83 0.7686866806
84 0.7687779459
85 0.7687779459
86 0.7686866806
87 0.7685041719
88 0.7682304634
89 0.7678656208
90 1.4842472668
91 1.4849524900
92 1.4854815552
93 1.4858343358
94 1.4860107472
95 1.4860107472
96 1.4858343358
97 1.4854815552
98 1.4849524900
99 1.4842472668
o3 o3
0 0.0697720040
1 0.0698394588
2 0.0698900927
3 0.0699238690
4 0.0699407632
5 0.0699407632
6 0.0699238690
7 0.0698900927
8 0.0698394588
9 0.0697720040
10 0.1143475451
11 0.1144580950
12 0.1145410775
13 0.1145964326
14 0.1146241202
15 0.1146241202
16 0.1145964326
17 0.1145410775
18 0.1144580950
19 0.1143475451
20 0.1348146293
21 0.1349449666
22 0.1350428022
23 0.1351080653
24 0.1351407087
25 0.1351407087
26 0.1351080653
27 0.1350428022
28 0.1349449666
29 0.1348146293
30 0.1391148969
31 0.1392493916
32 0.1393503479
33 0.1394176928
34 0.1394513774
35 0.1394513774
36 0.1394176928
37 0.1393503479
38 0.1392493916
39 0.1391148969
40 0.1395255690
41 0.1396604607
42 0.1397617151
43 0.1398292588
44 0.1398630429
45 0.1398630429
46 0.1398292588
47 0.1397617151
48 0.1396604607
49 0.1395255690
50 0.1395255690
51 0.1396604607
52 0.1397617151
53 0.1398292588
54 0.1398630429
55 0.1398630429
56 0.1398292588
57 0.1397617151
58 0.1396604607
59 0.1395255690
60 0.1391148969
61 0.1392493916
62 0.1393503479
63 0.1394176928
64 0.1394513774
65 0.1394513774
66 0.1394176928
67 0.1393503479
68 0.1392493916
69 0.1391148969
70 0.1348146293
71 0.1349449666
72 0.1350428022
73 0.1351080653
74 0.1351407087
75 0.1351407087
76 0.1351080653
77 0.1350428022
78 0.1349449666
79 0.1348146293
80 0.1143475451
81 0.1144580950
82 0.1145410775
83 0.1145964326
84 0.1146241202
85 0.1146241202
86 0.1145964326
87 0.1145410775
88 0.1144580950
89 0.1143475451
90 0.0697720040
91 0.0698394588
92 0.0698900927
93 0.0699238690
94 0.0699407632
95 0.0699407632
96 0.0699238690
97 0.0698900927
98 0.0698394588
99 0.0697720040
END